image: keepout.png
resolution: 0.005000
origin: [-2.87, -11.045, 0.0] #[-2.9, 7.75, -1.57079632679] [-0.75, 7.55, -1.57079632679] #8.25
negate: 0
occupied_thresh: 0.5
free_thresh: 0.25
