[NMR]
pos_x = 4.4619
pos_y = 7.585
yaw = 0.0
cam_port = 9001
ur_light_port = 0
ur_ip = 172.31.0.103

[OMNI]
pos_x = 4.231983
pos_y = 4.583120
yaw = 1.586
cam_port = 9002
ur_light_port = 0
ur_ip = 172.31.0.104

[Server]
cam_ip = 172.31.0.14